Using continuous score:
  Threshold: 20.0
  F1: 0.7938931297709924
  Accuracy: 0.8457142857142858
  Confusion: [[96  9]
 [18 52]]

Using discrete grade:
  F1: 0.05555555555555555
  Accuracy: 0.6114285714285714
  Confusion: [[105   0]
 [ 68   2]]